is_positive_probs
[0.7107, 0.7627, 0.8243, 0.7031, 0.7063, 0.6285, 0.7498, 0.8297, 0.6207,
        0.8297, 0.7869, 0.7531, 0.7116, 0.9013, 0.8668, 0.7233, 0.6310, 0.7617,
        0.8044, 0.8371]

entropy
uncertainty_scores
[0.8678, 0.7906, 0.6706, 0.8775, 0.8734, 0.9518, 0.8115, 0.6584, 0.9575,
        0.6584, 0.7475, 0.8063, 0.8666, 0.4647, 0.5661, 0.8509, 0.9499, 0.7921,
        0.7130, 0.6412]
max_value
0.9575
max_index
8


least_confidence
uncertainty_scores
[0.5785, 0.4747, 0.3514, 0.5938, 0.5874, 0.7430, 0.5003, 0.3406, 0.7586,
        0.3406, 0.4263, 0.4937, 0.5767, 0.1973, 0.2663, 0.5534, 0.7380, 0.4765,
        0.3912, 0.3258]
max_value
0.7586
max_index
8


confidence_margin
uncertainty_scores
[0.5785, 0.4747, 0.3514, 0.5938, 0.5874, 0.7430, 0.5003, 0.3406, 0.7586,
        0.3406, 0.4263, 0.4937, 0.5767, 0.1973, 0.2663, 0.5534, 0.7380, 0.4765,
        0.3912, 0.3258]
max_value
0.7586
max_index
8

confidence_ratio
uncertainty_scores
[0.4070, 0.3112, 0.2131, 0.4223, 0.4158, 0.5910, 0.3336, 0.2052, 0.6110,
        0.2052, 0.2709, 0.3278, 0.4052, 0.1095, 0.1536, 0.3825, 0.5847, 0.3128,
        0.2431, 0.1946]
max_value
0.6110
max_index
8






