

Positives: ( -12.409883499145508 , -2.165040969848633 )
Negatives ( -8.756959915161133 , 5.345197677612305 )

Generator Scores
tensor([[-2.9367e+00,  1.3925e-01,  4.8708e-02,  2.1496e-01,  1.0739e+00,
          8.4665e-02,  2.1496e-01,  1.0465e-02, -1.1975e-01, -1.4232e-01,
          1.1136e+00,  5.2204e-01,  4.3721e-01,  1.0863e+00,  8.2037e-01,
          1.7236e-01,  7.4814e-01,  4.3106e-01,  1.0085e+00,  1.0373e-01],
        [-3.0462e+00, -3.2285e+00,  2.6072e+00,  1.3120e+00,  2.2863e+00,
          1.1132e+00,  2.2447e-01,  1.3850e+00,  3.3662e-01, -3.3422e+00,
         -3.1759e+00, -3.0462e+00,  1.6680e-01, -1.2210e+00,  1.8734e-01,
         -3.1515e+00,  9.3436e-01,  1.9961e+00,  4.2649e-01,  2.3228e+00],
        [-3.1631e+00,  3.0367e+00,  6.8174e-01, -3.3509e+00, -1.8680e+00,
         -1.0475e+00, -1.9720e+00, -2.2069e-01, -3.3555e+00,  1.2137e+00,
          1.0030e+00,  1.1700e+00, -1.0334e+00,  3.0367e+00,  4.1378e+00,
         -1.1874e+00,  1.4538e+00,  1.8296e+00, -7.3550e-01,  2.2870e+00]])

Entropies
tensor([[0.3610, 0.0010, 0.0010, 0.0010, 0.0010, 0.0010, 0.0010, 0.0010, 0.0010,
         0.0010, 0.0010, 0.0010, 0.0010, 0.0010, 0.0010, 0.0010, 0.0010, 0.0010,
         0.0010, 0.0010],
        [0.3933, 0.4419, 0.0010, 0.0010, 0.0010, 0.0010, 0.0010, 0.0010, 0.0010,
         0.4692, 0.4285, 0.3933, 0.0010, 0.0010, 0.0010, 0.4221, 0.0010, 0.0010,
         0.0010, 0.0010],
        [0.4252, 0.0010, 0.0010, 0.4712, 0.0010, 0.0010, 0.0010, 0.0010, 0.4723,
         0.0010, 0.0010, 0.0010, 0.0010, 0.0010, 0.0010, 0.0010, 0.0010, 0.0010,
         0.0010, 0.0010]])

Max.indices + Max.values of Entropies
tensor([ 0,  9,  8])
tensor([0.3610, 0.4692, 0.4723])



